0.000000000000000000e+00 0.000000000000000000e+00
1.000000000000000000e+00 0.000000000000000000e+00
2.000000000000000000e+00 0.000000000000000000e+00
4.000000000000000000e+00 0.000000000000000000e+00
5.000000000000000000e+00 0.000000000000000000e+00
6.000000000000000000e+00 0.000000000000000000e+00
7.000000000000000000e+00 0.000000000000000000e+00
9.000000000000000000e+00 0.000000000000000000e+00
1.000000000000000000e+01 0.000000000000000000e+00
1.100000000000000000e+01 0.000000000000000000e+00
1.200000000000000000e+01 0.000000000000000000e+00
1.400000000000000000e+01 0.000000000000000000e+00
1.500000000000000000e+01 0.000000000000000000e+00
1.600000000000000000e+01 0.000000000000000000e+00
1.700000000000000000e+01 0.000000000000000000e+00
1.900000000000000000e+01 0.000000000000000000e+00
2.000000000000000000e+01 0.000000000000000000e+00
2.100000000000000000e+01 0.000000000000000000e+00
2.300000000000000000e+01 0.000000000000000000e+00
2.400000000000000000e+01 0.000000000000000000e+00
2.500000000000000000e+01 0.000000000000000000e+00
2.600000000000000000e+01 0.000000000000000000e+00
2.800000000000000000e+01 0.000000000000000000e+00
2.900000000000000000e+01 0.000000000000000000e+00
3.000000000000000000e+01 0.000000000000000000e+00
3.100000000000000000e+01 0.000000000000000000e+00
3.300000000000000000e+01 0.000000000000000000e+00
3.400000000000000000e+01 0.000000000000000000e+00
3.500000000000000000e+01 0.000000000000000000e+00
3.600000000000000000e+01 0.000000000000000000e+00
3.800000000000000000e+01 0.000000000000000000e+00
3.900000000000000000e+01 0.000000000000000000e+00
4.000000000000000000e+01 0.000000000000000000e+00
4.200000000000000000e+01 0.000000000000000000e+00
4.300000000000000000e+01 0.000000000000000000e+00
4.400000000000000000e+01 0.000000000000000000e+00
4.500000000000000000e+01 0.000000000000000000e+00
4.700000000000000000e+01 0.000000000000000000e+00
4.800000000000000000e+01 0.000000000000000000e+00
4.900000000000000000e+01 0.000000000000000000e+00
5.000000000000000000e+01 0.000000000000000000e+00
5.200000000000000000e+01 0.000000000000000000e+00
5.300000000000000000e+01 0.000000000000000000e+00
5.400000000000000000e+01 0.000000000000000000e+00
5.500000000000000000e+01 0.000000000000000000e+00
5.700000000000000000e+01 0.000000000000000000e+00
5.800000000000000000e+01 0.000000000000000000e+00
5.900000000000000000e+01 0.000000000000000000e+00
6.000000000000000000e+01 0.000000000000000000e+00
6.200000000000000000e+01 0.000000000000000000e+00
6.300000000000000000e+01 0.000000000000000000e+00
6.400000000000000000e+01 0.000000000000000000e+00
6.600000000000000000e+01 0.000000000000000000e+00
6.700000000000000000e+01 0.000000000000000000e+00
6.800000000000000000e+01 0.000000000000000000e+00
6.900000000000000000e+01 0.000000000000000000e+00
7.100000000000000000e+01 0.000000000000000000e+00
7.200000000000000000e+01 0.000000000000000000e+00
7.300000000000000000e+01 0.000000000000000000e+00
7.400000000000000000e+01 0.000000000000000000e+00
7.600000000000000000e+01 0.000000000000000000e+00
7.700000000000000000e+01 0.000000000000000000e+00
7.800000000000000000e+01 0.000000000000000000e+00
7.900000000000000000e+01 0.000000000000000000e+00
8.100000000000000000e+01 0.000000000000000000e+00
8.200000000000000000e+01 0.000000000000000000e+00
8.300000000000000000e+01 0.000000000000000000e+00
8.500000000000000000e+01 0.000000000000000000e+00
8.600000000000000000e+01 0.000000000000000000e+00
8.700000000000000000e+01 0.000000000000000000e+00
8.800000000000000000e+01 0.000000000000000000e+00
9.000000000000000000e+01 0.000000000000000000e+00
9.100000000000000000e+01 9.527695000000000000e+05
9.200000000000000000e+01 7.920460000000000000e+05
9.300000000000000000e+01 6.865780000000000000e+05
9.500000000000000000e+01 6.396802500000000000e+05
9.600000000000000000e+01 6.914740000000000000e+05
9.700000000000000000e+01 7.349592500000000000e+05
9.800000000000000000e+01 6.722208333333333721e+05
1.000000000000000000e+02 6.587022500000000000e+05
1.010000000000000000e+02 8.574900000000000000e+05
1.020000000000000000e+02 7.168310000000000000e+05
1.030000000000000000e+02 7.819470000000000000e+05
1.050000000000000000e+02 8.285673333333333721e+05
1.060000000000000000e+02 8.183473333333333721e+05
1.070000000000000000e+02 7.491306666666666279e+05
1.080000000000000000e+02 7.032400000000000000e+05
1.100000000000000000e+02 7.526290000000000000e+05
1.110000000000000000e+02 8.155000000000000000e+05
1.120000000000000000e+02 8.212240000000000000e+05
1.140000000000000000e+02 7.905553333333333721e+05
1.150000000000000000e+02 7.202503333333333721e+05
1.160000000000000000e+02 7.266725000000000000e+05
1.170000000000000000e+02 8.435925000000000000e+05
1.190000000000000000e+02 8.873195000000000000e+05
1.200000000000000000e+02 8.259987500000000000e+05
1.210000000000000000e+02 7.465055000000000000e+05
1.220000000000000000e+02 7.396990000000000000e+05
1.240000000000000000e+02 6.801595000000000000e+05
1.250000000000000000e+02 5.612425000000000000e+05
1.260000000000000000e+02 0.000000000000000000e+00
1.270000000000000000e+02 0.000000000000000000e+00
1.290000000000000000e+02 9.615700000000000000e+05
1.300000000000000000e+02 1.012613500000000000e+06
1.310000000000000000e+02 8.029115000000000000e+05
1.320000000000000000e+02 1.092978750000000000e+06
1.340000000000000000e+02 7.947690000000000000e+05
1.350000000000000000e+02 8.594982500000000000e+05
1.360000000000000000e+02 1.075320333333333256e+06
1.380000000000000000e+02 9.081185000000000000e+05
1.390000000000000000e+02 6.675795000000000000e+05
1.400000000000000000e+02 1.184847500000000000e+06
1.410000000000000000e+02 8.008232500000000000e+05
1.430000000000000000e+02 8.576896666666666279e+05
1.440000000000000000e+02 1.115603500000000000e+06
1.450000000000000000e+02 6.841200000000000000e+05
1.470000000000000000e+02 6.247710000000000000e+05
1.480000000000000000e+02 1.011342000000000000e+06
1.490000000000000000e+02 7.838350000000000000e+05
1.500000000000000000e+02 7.024760000000000000e+05
1.520000000000000000e+02 1.085369000000000000e+06
1.530000000000000000e+02 9.385345000000000000e+05
1.540000000000000000e+02 7.917000000000000000e+05
1.550000000000000000e+02 8.901205000000000000e+05
1.570000000000000000e+02 7.452245000000000000e+05
1.580000000000000000e+02 9.331186666666666279e+05
1.590000000000000000e+02 1.190651500000000000e+06
1.600000000000000000e+02 7.585100000000000000e+05
1.620000000000000000e+02 8.405746666666666279e+05
1.630000000000000000e+02 1.006054666666666628e+06
1.640000000000000000e+02 6.668120000000000000e+05
1.650000000000000000e+02 6.384910000000000000e+05
1.670000000000000000e+02 1.117339000000000000e+06
1.680000000000000000e+02 6.949297500000000000e+05
1.690000000000000000e+02 6.804766666666666279e+05
1.700000000000000000e+02 8.325356666666666279e+05
1.720000000000000000e+02 6.868286666666666279e+05
1.730000000000000000e+02 6.804123333333333721e+05
1.740000000000000000e+02 8.505085999999999767e+05
1.760000000000000000e+02 7.839230000000000000e+05
1.770000000000000000e+02 9.249962500000000000e+05
1.780000000000000000e+02 7.828543333333333721e+05
1.790000000000000000e+02 6.959075000000000000e+05
1.810000000000000000e+02 8.836532500000000000e+05
1.820000000000000000e+02 9.059612500000000000e+05
1.830000000000000000e+02 8.727855000000000000e+05
1.840000000000000000e+02 9.348140000000000000e+05
1.860000000000000000e+02 1.152576500000000000e+06
1.870000000000000000e+02 7.236372500000000000e+05
1.880000000000000000e+02 7.177275000000000000e+05
1.890000000000000000e+02 8.110710000000000000e+05
1.910000000000000000e+02 8.813935000000000000e+05
1.920000000000000000e+02 1.100456500000000000e+06
1.930000000000000000e+02 8.295165000000000000e+05
1.940000000000000000e+02 8.274855000000000000e+05
1.960000000000000000e+02 1.048899000000000000e+06
1.970000000000000000e+02 7.644395000000000000e+05
1.980000000000000000e+02 7.364693333333333721e+05
1.990000000000000000e+02 1.019957500000000000e+06
2.010000000000000000e+02 9.046320000000000000e+05
2.020000000000000000e+02 9.498915000000000000e+05
2.030000000000000000e+02 9.390992500000000000e+05
2.040000000000000000e+02 8.830475000000000000e+05
2.060000000000000000e+02 1.098376000000000000e+06
2.070000000000000000e+02 1.009568000000000000e+06
2.080000000000000000e+02 1.252461500000000000e+06
2.100000000000000000e+02 1.036949500000000000e+06
2.110000000000000000e+02 9.378810000000000000e+05
2.120000000000000000e+02 8.388125000000000000e+05
2.130000000000000000e+02 9.574372500000000000e+05
2.150000000000000000e+02 7.169070000000000000e+05
2.160000000000000000e+02 7.955945000000000000e+05
2.170000000000000000e+02 7.665587500000000000e+05
2.180000000000000000e+02 7.159030000000000000e+05
2.200000000000000000e+02 8.793485000000000000e+05
2.210000000000000000e+02 6.844035000000000000e+05
2.220000000000000000e+02 6.854717500000000000e+05
2.230000000000000000e+02 6.646422500000000000e+05
2.250000000000000000e+02 6.829235000000000000e+05
2.260000000000000000e+02 8.313482500000000000e+05
2.270000000000000000e+02 7.003310000000000000e+05
2.280000000000000000e+02 8.932673333333333721e+05
2.300000000000000000e+02 7.199563333333333721e+05
2.310000000000000000e+02 6.842872500000000000e+05
2.320000000000000000e+02 6.644025000000000000e+05
2.330000000000000000e+02 7.095166666666666279e+05
2.350000000000000000e+02 7.624075000000000000e+05
2.360000000000000000e+02 1.122224500000000000e+06
2.370000000000000000e+02 7.089040000000000000e+05
2.380000000000000000e+02 7.686950000000000000e+05
2.400000000000000000e+02 8.118253333333333721e+05
2.410000000000000000e+02 7.737125000000000000e+05
2.420000000000000000e+02 9.130847500000000000e+05
2.440000000000000000e+02 9.766235000000000000e+05
2.450000000000000000e+02 9.007900000000000000e+05
2.460000000000000000e+02 8.573110000000000000e+05
2.470000000000000000e+02 7.962007500000000000e+05
2.490000000000000000e+02 6.901295000000000000e+05
2.500000000000000000e+02 9.273375000000000000e+05
2.510000000000000000e+02 1.121595500000000000e+06
2.520000000000000000e+02 8.132965000000000000e+05
2.540000000000000000e+02 1.036066000000000000e+06
2.550000000000000000e+02 1.222102500000000000e+06
2.560000000000000000e+02 8.688810000000000000e+05
2.580000000000000000e+02 8.474435000000000000e+05
2.590000000000000000e+02 7.263460000000000000e+05
2.600000000000000000e+02 7.359095999999999767e+05
2.610000000000000000e+02 7.243265000000000000e+05
2.630000000000000000e+02 6.870270000000000000e+05
2.640000000000000000e+02 8.028525000000000000e+05
2.650000000000000000e+02 1.170894000000000000e+06
2.660000000000000000e+02 1.105048000000000000e+06
2.680000000000000000e+02 1.030703750000000000e+06
2.690000000000000000e+02 1.013071250000000000e+06
2.700000000000000000e+02 1.086835000000000000e+06
2.710000000000000000e+02 7.901785000000000000e+05
2.730000000000000000e+02 7.333900000000000000e+05
2.740000000000000000e+02 8.329270000000000000e+05
2.750000000000000000e+02 1.084330500000000000e+06
2.760000000000000000e+02 7.349240000000000000e+05
2.780000000000000000e+02 7.212342500000000000e+05
2.790000000000000000e+02 8.607960000000000000e+05
2.800000000000000000e+02 8.782993333333333721e+05
2.820000000000000000e+02 7.821485000000000000e+05
2.830000000000000000e+02 9.469982500000000000e+05
2.840000000000000000e+02 1.015875666666666628e+06
2.850000000000000000e+02 8.081260000000000000e+05
2.870000000000000000e+02 7.964705000000000000e+05
2.880000000000000000e+02 7.308325000000000000e+05
2.890000000000000000e+02 6.507762500000000000e+05
2.900000000000000000e+02 6.409580000000000000e+05
2.920000000000000000e+02 1.026473000000000000e+06
2.930000000000000000e+02 8.615300000000000000e+05
2.940000000000000000e+02 7.956095000000000000e+05
2.950000000000000000e+02 1.214799500000000000e+06
2.970000000000000000e+02 7.839970000000000000e+05
2.980000000000000000e+02 7.321802500000000000e+05
2.990000000000000000e+02 8.917282500000000000e+05
3.010000000000000000e+02 9.314712500000000000e+05
3.020000000000000000e+02 6.963787500000000000e+05
3.030000000000000000e+02 8.560100000000000000e+05
3.040000000000000000e+02 8.421875000000000000e+05
3.060000000000000000e+02 8.104282500000000000e+05
3.070000000000000000e+02 1.015593500000000000e+06
3.080000000000000000e+02 9.689122500000000000e+05
3.090000000000000000e+02 7.779545000000000000e+05
3.110000000000000000e+02 7.409400000000000000e+05
3.120000000000000000e+02 1.006236500000000000e+06
3.130000000000000000e+02 8.455340000000000000e+05
3.140000000000000000e+02 6.569905000000000000e+05
3.160000000000000000e+02 8.328665000000000000e+05
3.170000000000000000e+02 9.412675000000000000e+05
3.180000000000000000e+02 7.488980000000000000e+05
3.200000000000000000e+02 1.223571500000000000e+06
3.210000000000000000e+02 7.889050000000000000e+05
3.220000000000000000e+02 7.629997500000000000e+05
3.230000000000000000e+02 6.947422500000000000e+05
3.250000000000000000e+02 7.457045000000000000e+05
3.260000000000000000e+02 7.463760000000000000e+05
3.270000000000000000e+02 7.009450000000000000e+05
3.280000000000000000e+02 7.043613333333333721e+05
3.300000000000000000e+02 1.023731666666666628e+06
3.310000000000000000e+02 0.000000000000000000e+00
3.320000000000000000e+02 7.304490000000000000e+05
3.330000000000000000e+02 7.465395000000000000e+05
3.350000000000000000e+02 7.205885000000000000e+05
3.360000000000000000e+02 8.551060000000000000e+05
3.370000000000000000e+02 8.796462500000000000e+05
3.390000000000000000e+02 6.727912500000000000e+05
3.400000000000000000e+02 7.136790000000000000e+05
3.410000000000000000e+02 7.769272500000000000e+05
3.420000000000000000e+02 7.406820000000000000e+05
3.440000000000000000e+02 8.004355000000000000e+05
3.450000000000000000e+02 8.155860000000000000e+05
3.460000000000000000e+02 8.896487500000000000e+05
3.470000000000000000e+02 8.893345000000000000e+05
3.490000000000000000e+02 6.964937500000000000e+05
3.500000000000000000e+02 6.940422500000000000e+05
3.510000000000000000e+02 7.101697500000000000e+05
3.520000000000000000e+02 7.014555000000000000e+05
3.540000000000000000e+02 7.528437500000000000e+05
3.550000000000000000e+02 7.675595000000000000e+05
3.560000000000000000e+02 9.067887500000000000e+05
3.570000000000000000e+02 8.327157500000000000e+05
3.590000000000000000e+02 6.273925000000000000e+05
3.600000000000000000e+02 7.715105000000000000e+05
